0.4709
0.1702	0.4108
1.8113	0.2118	11.7000
1.5775	10.0744	0.6125	0.3946
0.4858	12.6820	0.4028	0.2415	0.5682
1.7515	0.4107	0.4188	11.8253	0.3742	5.1930
6.3185	5.8540	0.9801	5.2685	4.1736	0.5517	3.9284
0.3797	18.6688	9.2483	3.1860	9.4638	15.1950	0.4071	0.6177
0.1183	0.4411	1.0064	0.1022	0.6885	0.0686	0.0973	0.0667	0.2185
0.5229	1.1610	0.1385	0.1435	1.6534	1.5884	0.1977	0.3466	1.7954	4.5517
0.2883	14.5842	5.6023	0.1228	0.1007	4.2041	4.3270	0.3624	0.0005	0.3386	0.1445
0.7198	2.0124	0.1600	0.0606	0.5928	0.5202	0.2999	0.2329	0.1044	15.7899	9.1215	1.5393
0.4334	0.3933	0.1235	0.2299	7.0452	0.2181	0.1320	0.3108	0.6840	2.4351	8.9796	0.2523	0.4325
5.7699	1.5260	0.1678	0.3614	0.9699	3.8057	0.3287	0.5360	4.0882	0.1955	4.8810	0.2768	0.1187	0.4681
5.7217	2.8239	15.1364	0.4816	10.2226	0.4810	0.2636	7.7094	0.9839	0.8769	1.8964	0.4300	0.1493	2.7477	7.8530
22.0619	1.7555	4.6477	0.2313	0.7562	0.3674	0.2887	0.2669	0.2904	8.1859	0.3328	2.0439	18.4857	0.2217	4.1061	8.0500
0.7547	12.2501	0.1493	0.2274	17.0826	3.4586	0.3684	2.8051	0.2168	0.2622	2.7665	0.1130	0.7993	2.1127	1.1253	1.2709	0.3366
0.1701	0.2191	1.2575	1.0963	19.8499	0.2331	0.1324	0.1958	18.1364	0.2953	0.3782	0.0808	0.2346	9.6871	0.1910	1.1223	0.1716	2.0650
12.0004	0.2903	0.2648	0.6121	1.3516	0.1862	0.7717	2.6616	0.1613	30.7624	5.8141	0.2117	20.8225	2.0712	0.3575	0.3253	1.0393	0.5185	0.2341

0.0717	0.0570	0.0341	0.0477	0.0186	0.0495	0.0721	0.0584	0.0251	0.0428	0.0991	0.0610	0.0211	0.0356	0.0566	0.0900	0.0537	0.0107	0.0258	0.0694
