0.0983
0.1191	0.1298
0.9494	0.0742	6.0792
0.4708	8.2578	0.0675	0.0503
0.1055	8.6489	0.0896	0.0329	0.0101
0.9478	0.1927	0.0404	13.8000	0.0066	2.4749
6.5463	4.2311	0.4957	4.6079	3.5209	0.0789	2.6573
0.0965	18.7729	5.6710	1.8180	2.6289	13.2848	0.0431	0.1109
0.1120	0.4121	0.8233	0.0417	0.1024	0.0171	0.0226	0.0483	0.0964
0.1223	0.5980	0.0094	0.0200	0.1780	0.8833	0.0257	0.0323	1.3533	5.0798
0.0474	13.1396	2.8475	0.0333	0.0001	2.1424	1.9696	0.0681	0.0534	0.2772	0.0205
0.3264	1.1834	0.0231	0.0475	0.0999	0.0567	0.0245	0.0400	0.0250	21.2975	6.1969	0.8384
0.0988	0.0275	0.0119	0.0315	5.0539	0.0075	0.0085	0.0117	0.0895	1.9203	8.8695	0.0001	0.0153
5.3485	0.6999	0.0207	0.0428	0.1275	3.7570	0.0190	0.0807	2.8776	0.0373	4.2894	0.0305	0.0256	0.0551
3.9422	1.2056	11.6414	0.0685	4.8042	0.0602	0.0285	8.3576	0.1154	0.5478	1.2830	0.0564	0.0422	1.4131	5.9208
25.1152	1.0224	3.5978	0.0934	0.0861	0.0683	0.0489	0.0942	0.0544	7.3936	0.0808	0.8913	14.2309	0.0755	3.8073	5.1896
0.0330	6.8217	0.0098	0.0001	6.2679	0.7053	0.0279	1.5114	0.0001	0.5750	1.4849	0.0211	0.8499	0.2947	0.0184	0.3918	0.0002
0.0655	0.0918	0.7446	0.9331	17.7523	0.0598	0.0026	0.0245	11.9978	0.0597	0.1074	0.0230	0.0137	10.5843	0.0237	0.6458	0.0772	0.2710
14.0303	0.0641	0.0253	0.3496	0.2834	0.0528	0.4094	3.0009	0.0118	35.5308	5.1003	0.0474	24.0567	1.2536	0.0224	0.0618	0.3039	0.0303	0.2341

0.0672	0.0442	0.0410	0.0452	0.0188	0.0515	0.0667	0.0526	0.0265	0.0409	0.0880	0.0585	0.0226	0.0296	0.0606	0.1220	0.0653	0.0081	0.0244	0.0664
