0.3262
0.5994	1.0635
0.3789	0.0730	6.6357
7.3756	0.7205	1.3291	0.1080
1.9407	3.0314	3.6817	0.8512	0.4782
1.0201	0.2251	0.6000	11.4446	0.0047	6.1750
3.5411	0.4155	2.8413	1.2906	1.1703	0.7711	0.4528
0.5979	3.3856	8.8278	1.1785	1.1274	7.8959	0.5786	0.5985
0.0771	0.1010	0.1312	0.0143	0.7443	0.1751	0.0317	0.0020	0.1029
0.1870	0.2541	0.1198	0.0167	1.2252	0.7465	0.0762	0.0319	0.5911	4.9706
0.5152	9.2224	2.0677	0.2477	0.0516	4.0112	0.8908	0.4095	1.1167	0.0764	0.1294
0.9696	0.6199	0.7607	0.0679	2.4335	3.9915	0.2334	0.1365	1.0905	5.5966	10.4717	0.6839
0.1755	0.0633	0.1581	0.0297	1.3785	0.0944	0.0321	0.0685	2.0266	0.9818	2.6048	0.0171	2.7868
2.9632	0.5225	0.6824	0.8074	0.3449	1.7592	0.8477	0.5533	1.1319	0.1126	0.2199	0.6890	0.2736	0.1360
7.9201	0.7413	6.3111	1.2245	5.1025	2.5517	0.6091	3.3265	1.5590	0.0280	0.0837	0.6945	0.5663	0.2125	2.0819
1.8946	0.6175	2.7733	0.4418	4.2541	2.1625	0.7030	0.2253	0.9836	0.7984	0.3230	1.0418	2.4174	0.1549	1.0916	8.6430
0.1451	0.4912	0.1318	0.0405	0.8425	0.2436	0.1069	0.2062	1.8311	0.1264	0.4526	0.0998	0.9929	6.5951	0.1953	0.2935	0.1549
0.1626	0.1924	0.5592	0.1176	1.4274	0.3337	0.0720	0.0776	10.0313	0.1352	0.3635	0.0711	0.7343	19.4260	0.1614	0.3481	0.2409	8.5417
1.7268	0.1731	0.1658	0.0332	6.1606	0.4422	0.2812	0.0438	0.2738	13.5356	1.6690	0.1747	2.2105	0.5551	0.5446	0.0641	2.4977	0.1699	0.2341

0.0979	0.0536	0.0350	0.0405	0.0154	0.0355	0.0562	0.0485	0.0194	0.0693	0.1122	0.0730	0.0282	0.0383	0.0190	0.0698	0.0605	0.0062	0.0284	0.0931
