0.1076
0.0867	0.3900
2.3334	0.0538	16.5364
0.1834	12.0252	0.1723	0.1521
0.1412	11.7248	0.2201	0.0819	0.0798
2.4129	0.2642	0.2408	15.7381	0.0092	5.6250
6.0723	9.1332	0.8063	7.9267	4.8742	0.1600	5.6072
0.1250	19.9404	14.0725	4.0228	8.7061	21.6161	0.0973	0.2425
0.1897	0.9903	2.1513	0.0857	0.1606	0.0288	0.0309	0.0677	0.0925
0.1839	1.1976	0.0237	0.0230	0.4535	1.7554	0.0543	0.0473	2.6609	6.9943
0.1739	20.3033	7.1481	0.0964	0.0039	5.7447	6.3720	0.1750	0.0685	0.7555	0.0379
0.5347	2.9642	0.0811	0.0310	0.1637	0.3046	0.2111	0.2346	0.0615	32.4541	11.7419	3.0229
0.1582	0.1284	0.0854	0.0575	7.5168	0.0334	0.0696	0.0689	0.4174	3.9352	13.9290	0.0388	0.1835
6.2565	1.6161	0.0057	0.0469	0.2858	5.5098	0.0473	0.0576	5.4242	0.0846	6.2346	0.0898	0.0823	0.2158
6.5324	2.6737	19.1083	0.2718	9.4945	0.1320	0.0773	6.8344	0.6188	1.1535	2.2505	0.1818	0.1230	3.6828	11.2830
30.5971	1.8852	6.1100	0.0984	0.1217	0.1168	0.1525	0.1578	0.1260	15.3602	0.1235	2.7352	18.2214	0.0762	5.5927	8.4032
0.0225	14.9524	0.0176	0.0050	9.9228	1.8011	0.0574	2.1906	0.0001	0.0269	2.8472	0.0162	0.6219	0.6569	0.1140	0.5919	0.0465
0.0543	0.1376	3.6262	2.5895	40.0285	0.1501	0.0809	0.0376	39.5531	0.2077	0.1758	0.0449	0.1188	20.0248	0.0708	1.9406	0.0612	0.7421
17.5928	0.1099	0.0812	1.0557	0.2325	0.0799	1.1007	3.4281	0.0787	45.8345	6.6476	0.1159	29.7971	3.1351	0.1933	0.1534	0.8037	0.2070	0.2341

0.0608	0.0522	0.0426	0.0516	0.0195	0.0483	0.0745	0.0568	0.0251	0.0475	0.0913	0.0654	0.0178	0.0348	0.0534	0.1010	0.0602	0.0091	0.0241	0.0639
