0.2583
0.3907	0.4112
0.7242	0.0617	5.4236
0.9662	0.6832	0.2244	0.0594
1.4542	2.5714	1.6672	0.3368	0.0500
1.8572	0.1520	0.2788	10.3211	0.0134	4.7734
1.8433	0.2744	1.4800	0.9294	0.3930	0.2063	0.3183
0.4185	2.7127	6.2852	0.8560	0.4522	6.6440	0.2391	0.2926
0.0278	0.0551	0.1154	0.0076	0.1702	0.0282	0.0109	0.0073	0.0578
0.2423	0.2644	0.0563	0.0089	0.3151	0.7155	0.0338	0.0201	0.4025	3.3200
0.6843	5.1893	2.2642	0.1472	0.0001	4.5312	1.0937	0.1527	0.4447	0.0492	0.0876
0.5960	0.2111	0.3007	0.0150	0.2866	1.0633	0.0831	0.0370	0.2002	4.1109	6.3017	0.4243
0.1419	0.0483	0.0702	0.0161	0.7213	0.0215	0.0056	0.0246	0.6762	0.5371	1.8372	0.0040	0.7550
1.8954	0.2780	0.0662	0.2080	0.0060	0.7546	0.3741	0.0976	0.3441	0.0204	0.1774	0.2818	0.0424	0.0243
6.7269	0.8537	5.8012	0.8903	3.0880	1.1386	0.3540	2.0663	0.9288	0.0659	0.1848	0.5513	0.2801	0.2305	1.4272
3.9230	0.3711	2.6922	0.3999	0.7338	1.3735	0.5306	0.0928	0.4956	0.8676	0.2255	1.6012	2.4712	0.0898	0.4844	8.7187
0.1045	0.1646	0.0019	0.0351	0.5937	0.0325	0.0197	0.0677	0.2442	0.0297	0.3572	0.0438	0.3048	0.9461	0.0291	0.0985	0.0648
0.0894	0.0647	0.2943	0.0654	0.9577	0.1021	0.0105	0.0188	5.1878	0.0348	0.1846	0.0278	0.1338	9.7157	0.0279	0.3011	0.0894	1.0775
2.2881	0.1059	0.0894	0.0288	0.8778	0.2296	0.3165	0.0472	0.1368	11.1736	1.8857	0.1316	2.1166	0.4899	0.1564	0.0899	1.6127	0.0664	0.2341

0.0881	0.0551	0.0342	0.0525	0.0166	0.0401	0.0617	0.0603	0.0267	0.0547	0.1060	0.0591	0.0257	0.0434	0.0382	0.0618	0.0532	0.0117	0.0306	0.0803
