0.0956
0.1013	0.3532
0.4419	0.0184	6.0699
0.6214	1.1664	0.3263	0.0398
0.3193	2.9639	0.9035	0.1521	0.1317
0.7776	0.0410	0.2261	7.9471	0.0090	3.8185
2.3036	0.8453	1.3153	1.2552	0.7208	0.2325	0.8277
0.1034	3.7110	6.2903	1.2948	1.2093	8.2730	0.1484	0.2173
0.0539	0.1170	0.4362	0.0170	0.3420	0.0229	0.0095	0.0162	0.1060
0.1688	0.2219	0.0172	0.0156	0.3997	0.6601	0.0280	0.0295	0.6399	3.4607
0.1676	6.6983	3.3563	0.0408	0.0001	2.6009	1.0180	0.2235	0.0675	0.1360	0.0325
0.5535	0.5163	0.2525	0.0291	0.1905	0.4815	0.1551	0.1295	0.1274	5.6128	4.9878	0.7901
0.0946	0.0441	0.0308	0.0102	1.7973	0.0026	0.0051	0.0430	0.4556	1.3614	3.1408	0.0092	0.3950
1.9829	0.4823	0.1097	0.1678	0.0321	1.8934	0.1828	0.1208	1.3960	0.0623	0.5650	0.1430	0.1102	0.0736
3.8624	0.7386	4.4753	0.3455	3.7380	0.4239	0.1480	1.4777	0.5434	0.0932	0.4901	0.2664	0.1780	0.6718	2.8812
4.3177	0.6492	3.2374	0.1512	0.4381	0.3158	0.2541	0.1640	0.2841	2.2949	0.1424	1.1773	3.1967	0.0953	1.3368	6.3354
0.0222	0.6440	0.0126	0.0001	1.2324	0.1959	0.0148	0.1920	0.1182	0.0075	0.5529	0.0412	0.1877	0.7158	0.0204	0.2062	0.0039
0.0304	0.0448	0.6249	0.1240	2.1894	0.0245	0.0164	0.0230	6.7318	0.0420	0.0841	0.0104	0.0854	7.5040	0.0482	0.3989	0.0577	0.7222
2.8770	0.0554	0.0651	0.1207	0.4962	0.0837	0.3161	0.2453	0.0682	11.4690	1.8732	0.0938	2.1890	0.6218	0.1710	0.0694	1.0771	0.0342	0.2341

0.0804	0.0516	0.0355	0.0499	0.0137	0.0360	0.0661	0.0600	0.0208	0.0570	0.1057	0.0636	0.0219	0.0447	0.0366	0.0888	0.0478	0.0124	0.0289	0.0785
