0.2611
0.4602	0.8908
0.5046	0.0897	6.7926
3.8038	0.9193	0.6874	0.0930
1.2105	2.8651	2.3579	0.6499	0.1357
1.2524	0.1798	0.7711	9.1163	0.0267	5.5075
3.8900	0.6582	2.8617	1.7070	1.4932	0.5034	0.7707
0.5035	3.7295	7.8099	1.0008	1.0657	8.3024	0.4690	0.5527
0.1947	0.1385	0.2398	0.0209	0.6070	0.1080	0.0428	0.0287	0.1267
0.2859	0.2233	0.0983	0.0245	0.7677	0.6783	0.0686	0.0407	0.4830	4.0314
0.4959	9.2729	2.7720	0.2296	0.0418	3.8404	1.2520	0.4078	0.8485	0.1303	0.1081
0.9687	0.6867	0.4648	0.0719	0.8824	1.5069	0.1775	0.1868	0.4418	6.1925	8.4861	0.7575
0.1860	0.0478	0.0958	0.0301	1.5971	0.0402	0.0197	0.0640	1.0300	1.0028	2.5715	0.0218	1.5309
2.7595	0.4538	0.4433	0.5575	0.1674	1.5503	0.6624	0.4831	0.9812	0.1106	0.2789	0.5101	0.1893	0.1028
7.4739	0.7355	5.2656	0.9835	5.6741	1.6860	0.6139	2.9818	1.0997	0.0947	0.3462	0.6186	0.6329	0.3630	2.4298
4.0796	0.7886	3.5382	0.4442	2.2141	1.3657	0.6890	0.3787	0.7567	1.7437	0.3712	1.2880	2.7603	0.1580	1.0930	8.0581
0.1009	0.3234	0.0448	0.0235	1.0722	0.1126	0.0318	0.1303	0.6011	0.0887	0.4534	0.0307	0.5264	2.0915	0.0796	0.2275	0.1070
0.1733	0.1671	0.5703	0.1451	2.3214	0.1921	0.0700	0.0716	9.5445	0.1881	0.3613	0.0546	0.3631	12.3096	0.1080	0.3785	0.1795	2.7161
3.1232	0.1491	0.1820	0.0961	2.8618	0.3362	0.3284	0.1423	0.2394	14.3940	1.8453	0.1710	2.7220	0.5903	0.3582	0.1988	2.5896	0.0796	0.2341

0.0677	0.0439	0.0454	0.0496	0.0097	0.0375	0.0671	0.0369	0.0173	0.0775	0.1193	0.0813	0.0201	0.0486	0.0217	0.0855	0.0539	0.0091	0.0346	0.0730
